{
  "nbformat": 4,
  "nbformat_minor": 0,
  "metadata": {
    "accelerator": "GPU",
    "colab": {
      "name": "L1 - Tópicos especiais em comp.XIII.ipynb",
      "provenance": [],
      "include_colab_link": true
    },
    "kernelspec": {
      "display_name": "R",
      "name": "ir"
    },
    "language_info": {
      "name": "R"
    }
  },
  "cells": [
    {
      "cell_type": "markdown",
      "metadata": {
        "id": "view-in-github",
        "colab_type": "text"
      },
      "source": [
        "<a href=\"https://colab.research.google.com/github/nadsu077/Top.in.CompXIII/blob/main/L1_T%C3%B3picos_especiais_em_comp_XIII.ipynb\" target=\"_parent\"><img src=\"https://colab.research.google.com/assets/colab-badge.svg\" alt=\"Open In Colab\"/></a>"
      ]
    },
    {
      "cell_type": "markdown",
      "metadata": {
        "id": "aobpZE295RHy"
      },
      "source": [
        "#***UNIVERSIDADE FEDERAL DO RIO GRANDE DO NORTE***\n",
        "***TÓPICOS ESPECIAIS EM COMPUTAÇÃO XIII - Lista 1 (T1)***\n",
        "\n",
        "***Docente:*** Antônio Carlos Gay Thomé\n",
        "\n",
        "***Discentes:*** Nadson Ângelo e Rosângela D'Ávilla\n"
      ]
    },
    {
      "cell_type": "markdown",
      "metadata": {
        "id": "pIuRRGre7E_Q"
      },
      "source": [
        "# Instalação e importação dos pacotes."
      ]
    },
    {
      "cell_type": "code",
      "metadata": {
        "colab": {
          "base_uri": "https://localhost:8080/",
          "height": 1000
        },
        "id": "yKYCmoX6x50h",
        "outputId": "b4b5341b-aa6f-4b62-b365-9ee46216cb7c"
      },
      "source": [
        "pkg <- c(\"dplyr\", \"caret\",\"readxl\",\"GGally\",\"corrplot\",\"ggplot2\", \"magrittr\",\"ggfortify\", \"car\")\n",
        "install.packages(pkg[!pkg%in%rownames(installed.packages())], quiet = T)\n",
        "sapply(pkg, require, character.only = T)\n",
        "\n",
        "options(digits = 11, scipen = 999)"
      ],
      "execution_count": null,
      "outputs": [
        {
          "output_type": "stream",
          "text": [
            "also installing the dependencies ‘SQUAREM’, ‘lava’, ‘prodlim’, ‘matrixStats’, ‘RcppArmadillo’, ‘iterators’, ‘gower’, ‘ipred’, ‘timeDate’, ‘numDeriv’, ‘SparseM’, ‘MatrixModels’, ‘conquer’, ‘sp’, ‘openxlsx’, ‘minqa’, ‘nloptr’, ‘RcppEigen’, ‘foreach’, ‘plyr’, ‘ModelMetrics’, ‘reshape2’, ‘recipes’, ‘pROC’, ‘reshape’, ‘gridExtra’, ‘carData’, ‘abind’, ‘pbkrtest’, ‘quantreg’, ‘maptools’, ‘rio’, ‘lme4’\n",
            "\n",
            "\n",
            "Loading required package: dplyr\n",
            "\n",
            "\n",
            "Attaching package: ‘dplyr’\n",
            "\n",
            "\n",
            "The following objects are masked from ‘package:stats’:\n",
            "\n",
            "    filter, lag\n",
            "\n",
            "\n",
            "The following objects are masked from ‘package:base’:\n",
            "\n",
            "    intersect, setdiff, setequal, union\n",
            "\n",
            "\n",
            "Loading required package: caret\n",
            "\n",
            "Loading required package: lattice\n",
            "\n",
            "Loading required package: ggplot2\n",
            "\n",
            "Warning message in system(\"timedatectl\", intern = TRUE):\n",
            "“running command 'timedatectl' had status 1”\n",
            "Loading required package: readxl\n",
            "\n",
            "Loading required package: GGally\n",
            "\n",
            "Registered S3 method overwritten by 'GGally':\n",
            "  method from   \n",
            "  +.gg   ggplot2\n",
            "\n",
            "Loading required package: corrplot\n",
            "\n",
            "corrplot 0.90 loaded\n",
            "\n",
            "Loading required package: magrittr\n",
            "\n",
            "Loading required package: ggfortify\n",
            "\n",
            "Loading required package: car\n",
            "\n",
            "Loading required package: carData\n",
            "\n",
            "\n",
            "Attaching package: ‘car’\n",
            "\n",
            "\n",
            "The following object is masked from ‘package:dplyr’:\n",
            "\n",
            "    recode\n",
            "\n",
            "\n"
          ],
          "name": "stderr"
        },
        {
          "output_type": "display_data",
          "data": {
            "text/plain": [
              "    dplyr     caret    readxl    GGally  corrplot   ggplot2  magrittr ggfortify \n",
              "     TRUE      TRUE      TRUE      TRUE      TRUE      TRUE      TRUE      TRUE \n",
              "      car \n",
              "     TRUE "
            ],
            "text/latex": "\\begin{description*}\n\\item[dplyr] TRUE\n\\item[caret] TRUE\n\\item[readxl] TRUE\n\\item[GGally] TRUE\n\\item[corrplot] TRUE\n\\item[ggplot2] TRUE\n\\item[magrittr] TRUE\n\\item[ggfortify] TRUE\n\\item[car] TRUE\n\\end{description*}\n",
            "text/markdown": "dplyr\n:   TRUEcaret\n:   TRUEreadxl\n:   TRUEGGally\n:   TRUEcorrplot\n:   TRUEggplot2\n:   TRUEmagrittr\n:   TRUEggfortify\n:   TRUEcar\n:   TRUE\n\n",
            "text/html": [
              "<style>\n",
              ".dl-inline {width: auto; margin:0; padding: 0}\n",
              ".dl-inline>dt, .dl-inline>dd {float: none; width: auto; display: inline-block}\n",
              ".dl-inline>dt::after {content: \":\\0020\"; padding-right: .5ex}\n",
              ".dl-inline>dt:not(:first-of-type) {padding-left: .5ex}\n",
              "</style><dl class=dl-inline><dt>dplyr</dt><dd>TRUE</dd><dt>caret</dt><dd>TRUE</dd><dt>readxl</dt><dd>TRUE</dd><dt>GGally</dt><dd>TRUE</dd><dt>corrplot</dt><dd>TRUE</dd><dt>ggplot2</dt><dd>TRUE</dd><dt>magrittr</dt><dd>TRUE</dd><dt>ggfortify</dt><dd>TRUE</dd><dt>car</dt><dd>TRUE</dd></dl>\n"
            ]
          },
          "metadata": {
            "tags": []
          }
        }
      ]
    },
    {
      "cell_type": "markdown",
      "metadata": {
        "id": "cOso2dY27Q5S"
      },
      "source": [
        "#Lendo os dados a serem usados no exercício e visualizando algumas informações"
      ]
    },
    {
      "cell_type": "code",
      "metadata": {
        "colab": {
          "base_uri": "https://localhost:8080/",
          "height": 1000
        },
        "id": "wAP7RxSLnWnF",
        "outputId": "ae93d298-4136-4ac7-e3ec-919acb0ca60c"
      },
      "source": [
        "file <- \"https://github.com/nadsu077/Top.in.CompXIII/raw/main/Lista1_Conjunto1.xlsx\"\n",
        "tmp <- tempfile(pattern = \".xlsx\")\n",
        "download.file(file, quiet = T, destfile = tmp)\n",
        "c1 <- read_xlsx(tmp, sheet = 1) %>% as.data.frame()\n",
        "str(c1) # Informações das variáveis\n",
        "summary(c1) # dados apresentam NA\n",
        "head(c1)  # primeira linha e coluna 7 sao de NAs, entao vamos remover\n",
        "c1 <- c1[-1,-7] # Retirando linha 1 e coluna 7\n",
        "summary(c1) # Agora os dados nao tem NA\n",
        "class(c1[,7]) # A variavel Classe e numerica, precisamos visualizar ela como fator\n",
        "t(summary(factor(c1[,7]))) # Existem 50 elementos para cada tipo de Classe (1, 2 e 3)\n"
      ],
      "execution_count": null,
      "outputs": [
        {
          "output_type": "stream",
          "text": [
            "New names:\n",
            "* `` -> ...7\n",
            "\n"
          ],
          "name": "stderr"
        },
        {
          "output_type": "stream",
          "text": [
            "'data.frame':\t151 obs. of  8 variables:\n",
            " $ V1     : num  NA 6.3 5.8 5.1 4.9 4.7 4.6 5 6.4 6.9 ...\n",
            " $ V2     : num  NA 3.3 2.7 3.5 3 3.2 3.1 3.6 3.2 3.1 ...\n",
            " $ V3     : num  NA 7.65 7.55 4.95 5.3 4.6 4.55 4.6 8 9.15 ...\n",
            " $ V4     : num  NA 6 5.1 1.4 1.4 1.3 1.5 1.4 4.5 4.9 ...\n",
            " $ V5     : num  NA 36 26.01 1.96 1.96 ...\n",
            " $ V6     : num  NA 2.5 1.9 0.2 0.2 0.2 0.2 0.2 1.5 1.5 ...\n",
            " $ ...7   : logi  NA NA NA NA NA NA ...\n",
            " $ Classes: num  NA 3 3 1 1 1 1 1 2 2 ...\n"
          ],
          "name": "stdout"
        },
        {
          "output_type": "display_data",
          "data": {
            "text/plain": [
              "       V1                  V2                  V3                   V4       \n",
              " Min.   :4.3000000   Min.   :2.0000000   Min.   : 3.8000000   Min.   :1.000  \n",
              " 1st Qu.:5.1000000   1st Qu.:2.8000000   1st Qu.: 5.1625000   1st Qu.:1.600  \n",
              " Median :5.8000000   Median :3.0000000   Median : 7.4000000   Median :4.350  \n",
              " Mean   :5.8433333   Mean   :3.0573333   Mean   : 7.1006667   Mean   :3.758  \n",
              " 3rd Qu.:6.4000000   3rd Qu.:3.3000000   3rd Qu.: 8.5875000   3rd Qu.:5.100  \n",
              " Max.   :7.9000000   Max.   :4.4000000   Max.   :11.5000000   Max.   :6.900  \n",
              " NA's   :1           NA's   :1           NA's   :1            NA's   :1      \n",
              "       V5                  V6              ...7            Classes \n",
              " Min.   : 1.000000   Min.   :0.1000000   Mode:logical   Min.   :1  \n",
              " 1st Qu.: 2.560000   1st Qu.:0.3000000   NA's:151       1st Qu.:1  \n",
              " Median :18.925000   Median :1.3000000                  Median :2  \n",
              " Mean   :17.218067   Mean   :1.1993333                  Mean   :2  \n",
              " 3rd Qu.:26.010000   3rd Qu.:1.8000000                  3rd Qu.:3  \n",
              " Max.   :47.610000   Max.   :2.5000000                  Max.   :3  \n",
              " NA's   :1           NA's   :1                          NA's   :1  "
            ]
          },
          "metadata": {
            "tags": []
          }
        },
        {
          "output_type": "display_data",
          "data": {
            "text/plain": [
              "  V1  V2  V3   V4  V5    V6  ...7 Classes\n",
              "1  NA  NA   NA  NA    NA  NA NA   NA     \n",
              "2 6.3 3.3 7.65 6.0 36.00 2.5 NA    3     \n",
              "3 5.8 2.7 7.55 5.1 26.01 1.9 NA    3     \n",
              "4 5.1 3.5 4.95 1.4  1.96 0.2 NA    1     \n",
              "5 4.9 3.0 5.30 1.4  1.96 0.2 NA    1     \n",
              "6 4.7 3.2 4.60 1.3  1.69 0.2 NA    1     "
            ],
            "text/latex": "A data.frame: 6 × 8\n\\begin{tabular}{r|llllllll}\n  & V1 & V2 & V3 & V4 & V5 & V6 & ...7 & Classes\\\\\n  & <dbl> & <dbl> & <dbl> & <dbl> & <dbl> & <dbl> & <lgl> & <dbl>\\\\\n\\hline\n\t1 &  NA &  NA &   NA &  NA &    NA &  NA & NA & NA\\\\\n\t2 & 6.3 & 3.3 & 7.65 & 6.0 & 36.00 & 2.5 & NA &  3\\\\\n\t3 & 5.8 & 2.7 & 7.55 & 5.1 & 26.01 & 1.9 & NA &  3\\\\\n\t4 & 5.1 & 3.5 & 4.95 & 1.4 &  1.96 & 0.2 & NA &  1\\\\\n\t5 & 4.9 & 3.0 & 5.30 & 1.4 &  1.96 & 0.2 & NA &  1\\\\\n\t6 & 4.7 & 3.2 & 4.60 & 1.3 &  1.69 & 0.2 & NA &  1\\\\\n\\end{tabular}\n",
            "text/markdown": "\nA data.frame: 6 × 8\n\n| <!--/--> | V1 &lt;dbl&gt; | V2 &lt;dbl&gt; | V3 &lt;dbl&gt; | V4 &lt;dbl&gt; | V5 &lt;dbl&gt; | V6 &lt;dbl&gt; | ...7 &lt;lgl&gt; | Classes &lt;dbl&gt; |\n|---|---|---|---|---|---|---|---|---|\n| 1 |  NA |  NA |   NA |  NA |    NA |  NA | NA | NA |\n| 2 | 6.3 | 3.3 | 7.65 | 6.0 | 36.00 | 2.5 | NA |  3 |\n| 3 | 5.8 | 2.7 | 7.55 | 5.1 | 26.01 | 1.9 | NA |  3 |\n| 4 | 5.1 | 3.5 | 4.95 | 1.4 |  1.96 | 0.2 | NA |  1 |\n| 5 | 4.9 | 3.0 | 5.30 | 1.4 |  1.96 | 0.2 | NA |  1 |\n| 6 | 4.7 | 3.2 | 4.60 | 1.3 |  1.69 | 0.2 | NA |  1 |\n\n",
            "text/html": [
              "<table class=\"dataframe\">\n",
              "<caption>A data.frame: 6 × 8</caption>\n",
              "<thead>\n",
              "\t<tr><th></th><th scope=col>V1</th><th scope=col>V2</th><th scope=col>V3</th><th scope=col>V4</th><th scope=col>V5</th><th scope=col>V6</th><th scope=col>...7</th><th scope=col>Classes</th></tr>\n",
              "\t<tr><th></th><th scope=col>&lt;dbl&gt;</th><th scope=col>&lt;dbl&gt;</th><th scope=col>&lt;dbl&gt;</th><th scope=col>&lt;dbl&gt;</th><th scope=col>&lt;dbl&gt;</th><th scope=col>&lt;dbl&gt;</th><th scope=col>&lt;lgl&gt;</th><th scope=col>&lt;dbl&gt;</th></tr>\n",
              "</thead>\n",
              "<tbody>\n",
              "\t<tr><th scope=row>1</th><td> NA</td><td> NA</td><td>  NA</td><td> NA</td><td>   NA</td><td> NA</td><td>NA</td><td>NA</td></tr>\n",
              "\t<tr><th scope=row>2</th><td>6.3</td><td>3.3</td><td>7.65</td><td>6.0</td><td>36.00</td><td>2.5</td><td>NA</td><td> 3</td></tr>\n",
              "\t<tr><th scope=row>3</th><td>5.8</td><td>2.7</td><td>7.55</td><td>5.1</td><td>26.01</td><td>1.9</td><td>NA</td><td> 3</td></tr>\n",
              "\t<tr><th scope=row>4</th><td>5.1</td><td>3.5</td><td>4.95</td><td>1.4</td><td> 1.96</td><td>0.2</td><td>NA</td><td> 1</td></tr>\n",
              "\t<tr><th scope=row>5</th><td>4.9</td><td>3.0</td><td>5.30</td><td>1.4</td><td> 1.96</td><td>0.2</td><td>NA</td><td> 1</td></tr>\n",
              "\t<tr><th scope=row>6</th><td>4.7</td><td>3.2</td><td>4.60</td><td>1.3</td><td> 1.69</td><td>0.2</td><td>NA</td><td> 1</td></tr>\n",
              "</tbody>\n",
              "</table>\n"
            ]
          },
          "metadata": {
            "tags": []
          }
        },
        {
          "output_type": "display_data",
          "data": {
            "text/plain": [
              "       V1                  V2                  V3                   V4       \n",
              " Min.   :4.3000000   Min.   :2.0000000   Min.   : 3.8000000   Min.   :1.000  \n",
              " 1st Qu.:5.1000000   1st Qu.:2.8000000   1st Qu.: 5.1625000   1st Qu.:1.600  \n",
              " Median :5.8000000   Median :3.0000000   Median : 7.4000000   Median :4.350  \n",
              " Mean   :5.8433333   Mean   :3.0573333   Mean   : 7.1006667   Mean   :3.758  \n",
              " 3rd Qu.:6.4000000   3rd Qu.:3.3000000   3rd Qu.: 8.5875000   3rd Qu.:5.100  \n",
              " Max.   :7.9000000   Max.   :4.4000000   Max.   :11.5000000   Max.   :6.900  \n",
              "       V5                  V6               Classes \n",
              " Min.   : 1.000000   Min.   :0.1000000   Min.   :1  \n",
              " 1st Qu.: 2.560000   1st Qu.:0.3000000   1st Qu.:1  \n",
              " Median :18.925000   Median :1.3000000   Median :2  \n",
              " Mean   :17.218067   Mean   :1.1993333   Mean   :2  \n",
              " 3rd Qu.:26.010000   3rd Qu.:1.8000000   3rd Qu.:3  \n",
              " Max.   :47.610000   Max.   :2.5000000   Max.   :3  "
            ]
          },
          "metadata": {
            "tags": []
          }
        },
        {
          "output_type": "display_data",
          "data": {
            "text/plain": [
              "[1] \"numeric\""
            ],
            "text/latex": "'numeric'",
            "text/markdown": "'numeric'",
            "text/html": [
              "'numeric'"
            ]
          },
          "metadata": {
            "tags": []
          }
        },
        {
          "output_type": "display_data",
          "data": {
            "text/plain": [
              "     1  2  3 \n",
              "[1,] 50 50 50"
            ],
            "text/latex": "A matrix: 1 × 3 of type int\n\\begin{tabular}{lll}\n 1 & 2 & 3\\\\\n\\hline\n\t 50 & 50 & 50\\\\\n\\end{tabular}\n",
            "text/markdown": "\nA matrix: 1 × 3 of type int\n\n| 1 | 2 | 3 |\n|---|---|---|\n| 50 | 50 | 50 |\n\n",
            "text/html": [
              "<table class=\"dataframe\">\n",
              "<caption>A matrix: 1 × 3 of type int</caption>\n",
              "<thead>\n",
              "\t<tr><th scope=col>1</th><th scope=col>2</th><th scope=col>3</th></tr>\n",
              "</thead>\n",
              "<tbody>\n",
              "\t<tr><td>50</td><td>50</td><td>50</td></tr>\n",
              "</tbody>\n",
              "</table>\n"
            ]
          },
          "metadata": {
            "tags": []
          }
        }
      ]
    },
    {
      "cell_type": "markdown",
      "metadata": {
        "id": "pd0cyycct9cL"
      },
      "source": [
        "#**1.a & b) Análise inicial dos dados:**\n",
        "\n",
        "Visualizando a dispersão entre cada variável, sua respectiva distribuição e correlação entre si usando a função ggpairs()"
      ]
    },
    {
      "cell_type": "code",
      "metadata": {
        "colab": {
          "base_uri": "https://localhost:8080/",
          "height": 1000
        },
        "id": "u5e11Cy8ndcd",
        "outputId": "166f0fda-79ae-4de1-c7c3-6a2f4827bdb7"
      },
      "source": [
        "print(\"Matriz de Covariância\")\n",
        "c1 %>% cov() # Covariância\n",
        "print(\"Matriz de Correlação\")\n",
        "c1 %>% cor() # Correlação\n",
        "ggpairs(c1, title = \"Dispersão, Distribuição e Correlação\")\n",
        "corrplot(cor(c1), method = \"number\")\n",
        "\n",
        "print(paste0(\"Rank da Matriz: \", qr(c1[,1:6])$rank))"
      ],
      "execution_count": null,
      "outputs": [
        {
          "output_type": "stream",
          "text": [
            "[1] \"Matriz de Covariância\"\n"
          ],
          "name": "stdout"
        },
        {
          "output_type": "display_data",
          "data": {
            "text/plain": [
              "        V1              V2              V3             V4            \n",
              "V1       0.685693512304 -0.042434004474  1.43503803132  1.27431543624\n",
              "V2      -0.042434004474  0.189979418345 -0.36983713647 -0.32965637584\n",
              "V3       1.435038031320 -0.369837136465  3.42483176734  3.04311543624\n",
              "V4       1.274315436242 -0.329656375839  3.04311543624  3.11627785235\n",
              "V5       9.384446756152 -1.879432035794 21.58804156600 21.92992496644\n",
              "V6       0.516270693512 -0.121639373602  1.21500044743  1.29560939597\n",
              "Classes  0.530872483221 -0.152348993289  1.29026845638  1.37248322148\n",
              "        V5             V6             Classes       \n",
              "V1        9.3844467562  0.51627069351  0.53087248322\n",
              "V2       -1.8794320358 -0.12163937360 -0.15234899329\n",
              "V3       21.5880415660  1.21500044743  1.29026845638\n",
              "V4       21.9299249664  1.29560939597  1.37248322148\n",
              "V5      159.4422291230  9.10434098434  9.71684563758\n",
              "V6        9.1043409843  0.58100626398  0.59731543624\n",
              "Classes   9.7168456376  0.59731543624  0.67114093960"
            ],
            "text/latex": "A matrix: 7 × 7 of type dbl\n\\begin{tabular}{r|lllllll}\n  & V1 & V2 & V3 & V4 & V5 & V6 & Classes\\\\\n\\hline\n\tV1 &  0.685693512304 & -0.042434004474 &  1.43503803132 &  1.27431543624 &   9.3844467562 &  0.51627069351 &  0.53087248322\\\\\n\tV2 & -0.042434004474 &  0.189979418345 & -0.36983713647 & -0.32965637584 &  -1.8794320358 & -0.12163937360 & -0.15234899329\\\\\n\tV3 &  1.435038031320 & -0.369837136465 &  3.42483176734 &  3.04311543624 &  21.5880415660 &  1.21500044743 &  1.29026845638\\\\\n\tV4 &  1.274315436242 & -0.329656375839 &  3.04311543624 &  3.11627785235 &  21.9299249664 &  1.29560939597 &  1.37248322148\\\\\n\tV5 &  9.384446756152 & -1.879432035794 & 21.58804156600 & 21.92992496644 & 159.4422291230 &  9.10434098434 &  9.71684563758\\\\\n\tV6 &  0.516270693512 & -0.121639373602 &  1.21500044743 &  1.29560939597 &   9.1043409843 &  0.58100626398 &  0.59731543624\\\\\n\tClasses &  0.530872483221 & -0.152348993289 &  1.29026845638 &  1.37248322148 &   9.7168456376 &  0.59731543624 &  0.67114093960\\\\\n\\end{tabular}\n",
            "text/markdown": "\nA matrix: 7 × 7 of type dbl\n\n| <!--/--> | V1 | V2 | V3 | V4 | V5 | V6 | Classes |\n|---|---|---|---|---|---|---|---|\n| V1 |  0.685693512304 | -0.042434004474 |  1.43503803132 |  1.27431543624 |   9.3844467562 |  0.51627069351 |  0.53087248322 |\n| V2 | -0.042434004474 |  0.189979418345 | -0.36983713647 | -0.32965637584 |  -1.8794320358 | -0.12163937360 | -0.15234899329 |\n| V3 |  1.435038031320 | -0.369837136465 |  3.42483176734 |  3.04311543624 |  21.5880415660 |  1.21500044743 |  1.29026845638 |\n| V4 |  1.274315436242 | -0.329656375839 |  3.04311543624 |  3.11627785235 |  21.9299249664 |  1.29560939597 |  1.37248322148 |\n| V5 |  9.384446756152 | -1.879432035794 | 21.58804156600 | 21.92992496644 | 159.4422291230 |  9.10434098434 |  9.71684563758 |\n| V6 |  0.516270693512 | -0.121639373602 |  1.21500044743 |  1.29560939597 |   9.1043409843 |  0.58100626398 |  0.59731543624 |\n| Classes |  0.530872483221 | -0.152348993289 |  1.29026845638 |  1.37248322148 |   9.7168456376 |  0.59731543624 |  0.67114093960 |\n\n",
            "text/html": [
              "<table class=\"dataframe\">\n",
              "<caption>A matrix: 7 × 7 of type dbl</caption>\n",
              "<thead>\n",
              "\t<tr><th></th><th scope=col>V1</th><th scope=col>V2</th><th scope=col>V3</th><th scope=col>V4</th><th scope=col>V5</th><th scope=col>V6</th><th scope=col>Classes</th></tr>\n",
              "</thead>\n",
              "<tbody>\n",
              "\t<tr><th scope=row>V1</th><td> 0.685693512304</td><td>-0.042434004474</td><td> 1.43503803132</td><td> 1.27431543624</td><td>  9.3844467562</td><td> 0.51627069351</td><td> 0.53087248322</td></tr>\n",
              "\t<tr><th scope=row>V2</th><td>-0.042434004474</td><td> 0.189979418345</td><td>-0.36983713647</td><td>-0.32965637584</td><td> -1.8794320358</td><td>-0.12163937360</td><td>-0.15234899329</td></tr>\n",
              "\t<tr><th scope=row>V3</th><td> 1.435038031320</td><td>-0.369837136465</td><td> 3.42483176734</td><td> 3.04311543624</td><td> 21.5880415660</td><td> 1.21500044743</td><td> 1.29026845638</td></tr>\n",
              "\t<tr><th scope=row>V4</th><td> 1.274315436242</td><td>-0.329656375839</td><td> 3.04311543624</td><td> 3.11627785235</td><td> 21.9299249664</td><td> 1.29560939597</td><td> 1.37248322148</td></tr>\n",
              "\t<tr><th scope=row>V5</th><td> 9.384446756152</td><td>-1.879432035794</td><td>21.58804156600</td><td>21.92992496644</td><td>159.4422291230</td><td> 9.10434098434</td><td> 9.71684563758</td></tr>\n",
              "\t<tr><th scope=row>V6</th><td> 0.516270693512</td><td>-0.121639373602</td><td> 1.21500044743</td><td> 1.29560939597</td><td>  9.1043409843</td><td> 0.58100626398</td><td> 0.59731543624</td></tr>\n",
              "\t<tr><th scope=row>Classes</th><td> 0.530872483221</td><td>-0.152348993289</td><td> 1.29026845638</td><td> 1.37248322148</td><td>  9.7168456376</td><td> 0.59731543624</td><td> 0.67114093960</td></tr>\n",
              "</tbody>\n",
              "</table>\n"
            ]
          },
          "metadata": {
            "tags": []
          }
        },
        {
          "output_type": "stream",
          "text": [
            "[1] \"Matriz de Correlação\"\n"
          ],
          "name": "stdout"
        },
        {
          "output_type": "display_data",
          "data": {
            "text/plain": [
              "        V1             V2             V3             V4            \n",
              "V1       1.00000000000 -0.11756978413  0.93643744010  0.87175377589\n",
              "V2      -0.11756978413  1.00000000000 -0.45849818351 -0.42844010433\n",
              "V3       0.93643744010 -0.45849818351  1.00000000000  0.93149540922\n",
              "V4       0.87175377589 -0.42844010433  0.93149540922  1.00000000000\n",
              "V5       0.89751553749 -0.34148502991  0.92382975334  0.98382392667\n",
              "V6       0.81794112627 -0.36612593254  0.86132372302  0.96286543140\n",
              "Classes  0.78256123181 -0.42665756078  0.85104709316  0.94903469901\n",
              "        V5             V6             Classes       \n",
              "V1       0.89751553749  0.81794112627  0.78256123181\n",
              "V2      -0.34148502991 -0.36612593254 -0.42665756078\n",
              "V3       0.92382975334  0.86132372302  0.85104709316\n",
              "V4       0.98382392667  0.96286543140  0.94903469901\n",
              "V5       1.00000000000  0.94592440152  0.93932689865\n",
              "V6       0.94592440152  1.00000000000  0.95654733288\n",
              "Classes  0.93932689865  0.95654733288  1.00000000000"
            ],
            "text/latex": "A matrix: 7 × 7 of type dbl\n\\begin{tabular}{r|lllllll}\n  & V1 & V2 & V3 & V4 & V5 & V6 & Classes\\\\\n\\hline\n\tV1 &  1.00000000000 & -0.11756978413 &  0.93643744010 &  0.87175377589 &  0.89751553749 &  0.81794112627 &  0.78256123181\\\\\n\tV2 & -0.11756978413 &  1.00000000000 & -0.45849818351 & -0.42844010433 & -0.34148502991 & -0.36612593254 & -0.42665756078\\\\\n\tV3 &  0.93643744010 & -0.45849818351 &  1.00000000000 &  0.93149540922 &  0.92382975334 &  0.86132372302 &  0.85104709316\\\\\n\tV4 &  0.87175377589 & -0.42844010433 &  0.93149540922 &  1.00000000000 &  0.98382392667 &  0.96286543140 &  0.94903469901\\\\\n\tV5 &  0.89751553749 & -0.34148502991 &  0.92382975334 &  0.98382392667 &  1.00000000000 &  0.94592440152 &  0.93932689865\\\\\n\tV6 &  0.81794112627 & -0.36612593254 &  0.86132372302 &  0.96286543140 &  0.94592440152 &  1.00000000000 &  0.95654733288\\\\\n\tClasses &  0.78256123181 & -0.42665756078 &  0.85104709316 &  0.94903469901 &  0.93932689865 &  0.95654733288 &  1.00000000000\\\\\n\\end{tabular}\n",
            "text/markdown": "\nA matrix: 7 × 7 of type dbl\n\n| <!--/--> | V1 | V2 | V3 | V4 | V5 | V6 | Classes |\n|---|---|---|---|---|---|---|---|\n| V1 |  1.00000000000 | -0.11756978413 |  0.93643744010 |  0.87175377589 |  0.89751553749 |  0.81794112627 |  0.78256123181 |\n| V2 | -0.11756978413 |  1.00000000000 | -0.45849818351 | -0.42844010433 | -0.34148502991 | -0.36612593254 | -0.42665756078 |\n| V3 |  0.93643744010 | -0.45849818351 |  1.00000000000 |  0.93149540922 |  0.92382975334 |  0.86132372302 |  0.85104709316 |\n| V4 |  0.87175377589 | -0.42844010433 |  0.93149540922 |  1.00000000000 |  0.98382392667 |  0.96286543140 |  0.94903469901 |\n| V5 |  0.89751553749 | -0.34148502991 |  0.92382975334 |  0.98382392667 |  1.00000000000 |  0.94592440152 |  0.93932689865 |\n| V6 |  0.81794112627 | -0.36612593254 |  0.86132372302 |  0.96286543140 |  0.94592440152 |  1.00000000000 |  0.95654733288 |\n| Classes |  0.78256123181 | -0.42665756078 |  0.85104709316 |  0.94903469901 |  0.93932689865 |  0.95654733288 |  1.00000000000 |\n\n",
            "text/html": [
              "<table class=\"dataframe\">\n",
              "<caption>A matrix: 7 × 7 of type dbl</caption>\n",
              "<thead>\n",
              "\t<tr><th></th><th scope=col>V1</th><th scope=col>V2</th><th scope=col>V3</th><th scope=col>V4</th><th scope=col>V5</th><th scope=col>V6</th><th scope=col>Classes</th></tr>\n",
              "</thead>\n",
              "<tbody>\n",
              "\t<tr><th scope=row>V1</th><td> 1.00000000000</td><td>-0.11756978413</td><td> 0.93643744010</td><td> 0.87175377589</td><td> 0.89751553749</td><td> 0.81794112627</td><td> 0.78256123181</td></tr>\n",
              "\t<tr><th scope=row>V2</th><td>-0.11756978413</td><td> 1.00000000000</td><td>-0.45849818351</td><td>-0.42844010433</td><td>-0.34148502991</td><td>-0.36612593254</td><td>-0.42665756078</td></tr>\n",
              "\t<tr><th scope=row>V3</th><td> 0.93643744010</td><td>-0.45849818351</td><td> 1.00000000000</td><td> 0.93149540922</td><td> 0.92382975334</td><td> 0.86132372302</td><td> 0.85104709316</td></tr>\n",
              "\t<tr><th scope=row>V4</th><td> 0.87175377589</td><td>-0.42844010433</td><td> 0.93149540922</td><td> 1.00000000000</td><td> 0.98382392667</td><td> 0.96286543140</td><td> 0.94903469901</td></tr>\n",
              "\t<tr><th scope=row>V5</th><td> 0.89751553749</td><td>-0.34148502991</td><td> 0.92382975334</td><td> 0.98382392667</td><td> 1.00000000000</td><td> 0.94592440152</td><td> 0.93932689865</td></tr>\n",
              "\t<tr><th scope=row>V6</th><td> 0.81794112627</td><td>-0.36612593254</td><td> 0.86132372302</td><td> 0.96286543140</td><td> 0.94592440152</td><td> 1.00000000000</td><td> 0.95654733288</td></tr>\n",
              "\t<tr><th scope=row>Classes</th><td> 0.78256123181</td><td>-0.42665756078</td><td> 0.85104709316</td><td> 0.94903469901</td><td> 0.93932689865</td><td> 0.95654733288</td><td> 1.00000000000</td></tr>\n",
              "</tbody>\n",
              "</table>\n"
            ]
          },
          "metadata": {
            "tags": []
          }
        },
        {
          "output_type": "display_data",
          "data": {
